100
5 1
3 1 4 1 5 9
2 7 1 8 2 9
4 8 15 16 23 42
319763 1
0 0 0 0 0 1000000000
999999999 999999999 0 0 999999999 1000000000
24066721 30644283 7139807 1244993 16483555 35889984
400000 1
302199402 51280600 87302603 306078226 131432062 558078623
302199402 51280600 87302603 306078226 131432062 558078623
11074 217875 33460 276889 105177 400000
1 1
0 0 0 0 0 1
0 0 0 0 0 1
999999999 999999999 0 0 999999999 1000000000
400000 1
0 0 0 0 0 1000000000
999999999 999999999 0 0 999999999 1000000000
120036579 123335847 166593968 199230856 333624241 353740399
400000 1
723500468 506543026 628089117 328295187 500406113 738813144
723500468 506543026 628089117 328295187 500406113 738813144
199315 243205 245378 221009 222900 400000
400000 1
0 0 0 0 0 1000000000
999999999 999999999 0 0 999999999 1000000000
11621527 42856234 29914344 7052041 37926601 43931550
400000 1
0 0 0 0 0 1000000000
999999999 999999999 0 0 999999999 1000000000
623568789 97410076 159406539 786669541 559963475 858389428
400000 1
0 0 0 0 0 1000000000
764753430 832207786 356424098 498616390 726243724 839856130
633420073 789258391 217792676 267254753 76731616 837742028
337110 1
60557031 224152266 189825853 37472599 195896252 256828167
60557031 224152266 189825853 37472599 195896252 256828167
303731 326468 67419 104117 93468 337110
263540 1
353409876 442294361 154468011 359308756 398255711 450829170
999999999 999999999 0 0 999999999 1000000000
83616047 116903116 189265136 10349162 37373304 197362132
137496 1
428860534 322443690 515204824 283693261 674643832 707655953
428860534 322443690 515204824 283693261 674643832 707655953
129105 94515 47068 4933 115325 137496
137496 1
0 0 0 0 0 1000000000
410862496 222966944 321910293 121009458 423526619 721007903
7061328 125368447 155023327 46741431 99860520 166096889
400000 1
53953721 33804982 2699676 31218121 24061728 60457714
53953721 33804982 2699676 31218121 24061728 60457714
121451 211843 17649 7808 186634 400000
400000 1
355663891 234825156 146435103 483642800 702327733 737094402
172985539 80837515 703912854 173350163 791416857 827657136
59316072 9304316 111076153 469333647 203314768 583336833
400000 1
0 0 0 0 0 1000000000
263527854 52638573 229323129 56902809 93318603 345260725
396923174 845202070 41920484 420509515 626751585 879007080
400000 1
0 0 0 0 0 1000000000
999999999 999999999 0 0 999999999 1000000000
779623140 626025765 340369937 487630488 172702590 896418001
400000 1
467748987 435866502 340076044 198327265 274826487 654933985
467748987 435866502 340076044 198327265 274826487 654933985
319559 209200 177941 204512 18466 400000
400000 1
243060980 173164088 169040589 194697700 189801115 243614127
999999999 999999999 0 0 999999999 1000000000
471651122 272932137 771598082 387541518 857807761 959852305
400000 1
109987843 37996115 92804178 95026994 108248933 149539219
109987843 37996115 92804178 95026994 108248933 149539219
31804 288198 314669 307952 6115 400000
400000 1
127069999 12736227 149672918 96316765 347896283 558520107
999999999 999999999 0 0 999999999 1000000000
437687838 431251609 97325787 301165426 81678425 497766730
400000 1
51858260 32820420 220523317 55079589 273314591 281019062
51858260 32820420 220523317 55079589 273314591 281019062
68484 73401 396286 310942 11956 400000
400000 1
0 0 0 0 0 1
999999999 999999999 0 0 999999999 1000000000
0 0 0 0 0 1
400000 1
859717010 451777577 773564930 705927647 352956647 929511640
859717010 451777577 773564930 705927647 352956647 929511640
198961 2611 64593 396598 233914 400000
400000 1
360162579 95712215 738258043 11441145 296413461 997693781
360162579 95712215 738258043 11441145 296413461 997693781
294556 220401 339751 229578 168889 400000
400000 1
19043962 28310469 261425872 112971704 114939451 266979224
19043962 28310469 261425872 112971704 114939451 266979224
215325 147167 243975 75789 9021 400000
263540 1
337804607 307190496 663840794 242360540 52775254 938007710
337804607 307190496 663840794 242360540 52775254 938007710
139313 197313 166671 236497 243845 263540
400000 1
153484036 121382172 154732733 104702179 131072402 166369656
153484036 121382172 154732733 104702179 131072402 166369656
203043 37583 218682 27830 323751 400000
337110 1
0 0 0 0 0 1000000000
107016998 119482137 82336786 115734955 42688142 120435904
673043921 805808417 19489239 500526039 480626932 922895008
400000 1
2680419 28674654 1912134 11404194 18709241 34011491
2680419 28674654 1912134 11404194 18709241 34011491
142394 124533 63661 149312 370346 400000
14795 1
483152787 616026151 71557884 552135690 408309870 796706533
483152787 616026151 71557884 552135690 408309870 796706533
9572 7978 2879 7027 8142 14795
400000 1
540814312 75245016 385083886 202482296 562997891 594743757
999999999 999999999 0 0 999999999 1000000000
216128415 143712890 182041052 87178278 61995657 218489396
400000 1
30113688 18825448 55591293 34117378 68990261 77539406
30113688 18825448 55591293 34117378 68990261 77539406
314243 4866 336129 140913 199421 400000
300375 1
802765733 43256814 249057198 791443687 6142121 934466430
161341189 59721786 85361882 146352196 120652160 224392047
322269549 505137446 56271361 22931167 57545575 537312139
328178 1
562755381 530159729 624557113 157446837 519755106 695758098
365388227 369577847 164011315 316833705 346164505 464182178
253722875 59887792 325099299 147495614 83353496 358822860
400000 1
0 0 0 0 0 1000000000
999999999 999999999 0 0 999999999 1000000000
46143231 66848010 27410136 20389592 57424544 69550067
400000 1
26323709 22550554 34974821 26990890 29942990 48995586
999999999 999999999 0 0 999999999 1000000000
671514432 130360812 420936032 774942557 883630371 977679372
218757 1
0 0 0 0 0 1000000000
58425576 120397276 108059921 163618911 187735918 239265900
757910336 408930514 536109272 3194857 552889280 817674508
400000 1
0 0 0 0 0 1000000000
471021279 330976479 272163654 704023313 298466752 831301307
117936027 226735465 58943875 255421520 312315237 322240653
137496 1
201040361 654185033 613411259 439416426 564782586 862348844
49772619 629747216 599099042 451432882 75281146 737284184
261635672 255860927 496870580 23992589 226767908 610176460
400000 1
405750600 249339719 31600392 126059649 418815904 774446027
405750600 249339719 31600392 126059649 418815904 774446027
204256 92079 111248 96397 83547 400000
400000 1
10517241 42106388 27299201 20419023 49538651 74378513
10517241 42106388 27299201 20419023 49538651 74378513
290550 49505 362048 320246 242801 400000
1 1
0 0 0 0 0 1
0 0 0 0 0 1
0 0 0 0 0 1
400000 1
3485905 406110540 410337582 523621938 579454895 667988613
3485905 406110540 410337582 523621938 579454895 667988613
373519 135932 92843 168758 176081 400000
337110 1
0 0 0 0 0 1000000000
999999999 999999999 0 0 999999999 1000000000
44664475 290158678 488749443 96685579 130757228 523649726
263540 1
345662460 135473113 242483794 3288982 483687419 911220895
307517061 7415036 421070950 142776824 312326250 562093767
227965708 316969004 398711680 281578913 220459172 482036675
400000 1
0 0 0 0 0 1000000000
334756444 369564271 43930986 160475743 464671623 570119998
17283755 114040454 35393974 61481199 39786411 134423568
400000 1
21879809 12900302 29876649 12147941 15817603 29951030
21879809 12900302 29876649 12147941 15817603 29951030
234920 321794 246727 305781 84608 400000
400000 1
0 0 0 0 0 1000000000
2435359 1826913 1384217 486529 301273 3431961
2173009 56653459 10013605 40044648 189584105 244749843
14795 1
0 0 0 0 0 1000000000
34365296 127664667 85095003 18661622 88570702 142925476
139244465 223499230 247817299 224522244 348607241 525676948
337110 1
559592071 578449793 129958366 717367668 719842914 797553947
999999999 999999999 0 0 999999999 1000000000
244947808 105851110 191524660 489810027 142360112 510475842
400000 1
16258919 150951599 241729267 170569883 155059111 250535254
16258919 150951599 241729267 170569883 155059111 250535254
367747 343404 114015 271492 236405 400000
14795 1
329160315 406473446 370261914 160529938 520293429 716390153
14064973 9538890 1905375 8081306 37729702 58583103
12230846 57408462 757593099 317531572 730866192 833806102
218757 1
54282412 418318796 307944880 122957925 250962797 450990591
134812004 2144193 3623236 114943193 66845739 217453915
412276085 261383432 321456381 440231132 214458957 761816366
337110 1
41237610 117134376 22201178 269442348 130947442 422555774
296940378 133803897 550203759 464934773 350888231 634258707
52550566 34007299 137556966 250636665 310379476 335009331
263540 1
0 0 0 0 0 1000000000
999999999 999999999 0 0 999999999 1000000000
613920175 768757580 886502779 296088828 135021482 915724476
286639 1
59215952 242665138 254562678 12422153 107965189 303463973
108740351 113537962 25104779 155915943 87438283 174789169
792810 1209193 1860733 2029350 857910 3346389
400000 1
3566238 2371085 3888704 3321197 1603311 4856916
3566238 2371085 3888704 3321197 1603311 4856916
104171 212995 379436 62007 243823 400000
400000 1
239134048 266369222 643264758 184210297 235479571 779762857
999999999 999999999 0 0 999999999 1000000000
176868999 164190671 31385087 75830133 36180230 187071824
400000 1
295597557 13399625 396092826 231882702 261746565 404272895
295597557 13399625 396092826 231882702 261746565 404272895
142433 237470 99691 235147 103393 400000
218757 1
196354441 737281898 376414535 942497646 393479424 944697242
999999999 999999999 0 0 999999999 1000000000
118861396 78600182 60718368 304992566 584295780 749678853
283119 1
32656246 415935449 287534887 20494273 138549338 501720756
3823314 2370604 3677370 3260642 5876796 6117986
690523108 436519247 667811766 676297670 596244473 802744906
267835 1
659800110 701790775 124414383 723874306 271453770 849759308
589820010 342448687 284485080 542431223 188643563 629547207
90700563 568286165 396131106 167440074 271304890 647312011
400000 1
193772598 496932162 167071480 270569113 463629809 797541360
193772598 496932162 167071480 270569113 463629809 797541360
115418 399115 161969 383177 262861 400000
400000 1
129988855 67674410 127255695 139516589 134094088 227110569
129988855 67674410 127255695 139516589 134094088 227110569
181712 223224 237466 320335 281584 400000
400000 1
9384174 20484384 10703082 19838893 19217506 36716260
9384174 20484384 10703082 19838893 19217506 36716260
28519 154187 174108 283632 314440 400000
400000 1
572053737 723552768 452733742 500197627 621678291 734571099
572053737 723552768 452733742 500197627 621678291 734571099
373663 147149 123801 253785 138116 400000
319763 1
71159356 364004624 216940860 162474468 252312176 946772888
999999999 999999999 0 0 999999999 1000000000
21693824 19734137 22939023 26374332 53087111 53805323
400000 1
424397142 587537779 82877903 260568846 629165190 637863529
298241027 84338512 169396065 104626009 181390561 356813627
9847493 8388568 6220751 11164004 6415083 13340156
218757 1
27608022 122420441 108064706 112275576 59704470 150083466
27608022 122420441 108064706 112275576 59704470 150083466
38946 201486 86572 35629 69296 218757
319763 1
0 0 0 0 0 1000000000
190961027 69388928 82002961 66935221 254570521 269925759
113452120 239025717 179805058 51215219 102130794 278517666
299293 1
152410440 179104415 247094174 452399834 232002883 625142195
125781214 382523721 250754252 260590968 262671000 427719861
269759 2322375 1275786 3118903 1785267 3847561
100026 1
21442149 593727356 83970715 238034863 688505771 739075968
142961006 56404753 310166800 129190481 10947804 357554339
73586624 276987264 329770431 376650522 187561976 490781160
14795 1
0 0 0 0 0 1000000000
999999999 999999999 0 0 999999999 1000000000
279046391 312975463 320868319 129406493 202553098 329397168
400000 1
84431964 117991269 254782990 85608950 369476704 520667040
84431964 117991269 254782990 85608950 369476704 520667040
31535 186798 16475 283402 306406 400000
137496 1
0 0 0 0 0 1000000000
999999999 999999999 0 0 999999999 1000000000
57890032 93964388 108747289 66549594 172364161 193246243
400000 1
73420608 34231142 97511620 138078948 56318862 170171684
999999999 999999999 0 0 999999999 1000000000
319045679 279705028 215706594 272703057 10269308 377408275
400000 1
39196471 23235904 558592685 4545978 548728166 574248252
39196471 23235904 558592685 4545978 548728166 574248252
16220 45208 88784 53315 88895 400000
400000 1
0 0 0 0 0 1000000000
999999999 999999999 0 0 999999999 1000000000
785001598 251752680 393505641 943063514 860672200 958053715
400000 1
98231428 527003000 24852177 223623838 30379332 737371917
608521555 146829502 244237233 572285725 344813503 702663293
174214043 19327927 145320826 82232616 186361150 193954681
168497 1
352991681 844882064 897466743 435134620 611748270 940863571
71241103 278758627 436401841 133262815 370436185 444881429
11637505 3284707 38824995 54594259 46532815 58585193
400000 1
593955032 188021505 504980662 430503567 51065712 594319658
593955032 188021505 504980662 430503567 51065712 594319658
70508 234507 383590 69918 348985 400000
400000 1
889788913 361098552 822486391 579923934 634533849 997120887
43382304 300551181 468968422 16006922 79177120 496338122
365742707 20463155 68361738 139360297 4301122 653828995
263540 1
0 0 0 0 0 1000000000
84783656 85271890 108834758 30801253 43495435 109686029
111761987 28959700 141297082 101352534 92347717 255399951
400000 1
31747403 34919790 6003155 10027382 29132087 51062360
31747403 34919790 6003155 10027382 29132087 51062360
262158 117157 202510 135765 168328 400000
267323 1
5716065 21530972 4600852 56425972 51313386 75386026
158670818 321250949 449954816 305919022 151191300 848762376
350894959 89107017 526191948 475478751 396544813 654776951
319763 1
4742985 58068034 53923118 47779334 25331246 89083604
4742985 58068034 53923118 47779334 25331246 89083604
91712 266772 52261 50134 94380 319763
400000 1
111213112 64716913 115792979 10451740 13637222 117731852
91927488 133789139 161016312 72834899 199945586 204018580
154698171 433849364 842722075 716609309 889197515 921745023
14795 1
4480783 73180112 49780805 73742875 53284555 142060313
999999999 999999999 0 0 999999999 1000000000
2728759 9986580 20831890 16152728 21554122 25010832
400000 1
232335502 46920629 148327880 264488696 40594824 350220909
232335502 46920629 148327880 264488696 40594824 350220909
68590 381988 25832 211315 356679 400000
218757 1
0 0 0 0 0 1000000000
999999999 999999999 0 0 999999999 1000000000
257540171 113754785 82335757 245799040 98596999 311811780
400000 1
218184889 246721837 358418320 270821672 201093573 534169388
218184889 246721837 358418320 270821672 201093573 534169388
33498 227522 45351 14284 87412 400000
185184 1
82425826 245784313 50444875 359343065 239590520 535660537
66634131 149296504 356071181 131263921 199629434 359328924
70918423 153047971 122289824 63885403 134208586 168020942
400000 1
0 0 0 0 0 1000000000
316531790 138483977 329148329 327551798 159002505 404150494
489045615 852457222 111291473 496291270 778608958 939174182
400000 1
41937562 219265636 134988722 132032520 26584324 328287094
41937562 219265636 134988722 132032520 26584324 328287094
170155 175020 356176 340742 213368 400000
137496 1
314717715 45689121 23584761 17054637 136674980 491192258
999999999 999999999 0 0 999999999 1000000000
60674862 262686436 686632234 481724640 485624626 704997843
319763 1
412288537 572502431 364104468 471576043 626175792 655366944
34389750 1578161 80044841 128432838 120802299 220589710
422225454 239207478 588759023 687407508 130094031 827063189
400000 1
386699382 614933246 313887884 80323869 717425148 959452263
386699382 614933246 313887884 80323869 717425148 959452263
0 0 0 0 0 1
400000 1
63202909 36193937 28195592 32696235 32840407 89510498
63202909 36193937 28195592 32696235 32840407 89510498
349972 295680 260401 274318 40139 400000
400000 1
593296841 721855124 348389330 469721709 137870326 872995080
467194194 317572111 763528112 743430438 849015965 928310279
215929864 7583769 295644978 215238068 284143506 346347058
