30
6
5 2 4 6 3 1
6
2 4 8 16 32 64
3
1 1 1
3
200000 200000 200000
200
74250 90225 37350 6300 30825 4275 63900 75825 17550 22275 14520 17644 7304 1232 6028 836 12496 14828 3432 4356 20460 24862 10292 1736 8494 1178 17608 20894 4836 6138 88440 107468 44488 7504 36716 5092 76112 90316 20904 26532 124410 151177 62582 10556 51649 7163 107068 127049 29406 37323 116490 141553 58598 9884 48361 6707 100252 118961 27534 34947 37620 45714 18924 3192 15618 2166 32376 38418 8892 11286 113190 137543 56938 9604 46991 6517 97412 115591 26754 33957 34650 42105 17430 2940 14385 1995 29820 35385 8190 10395 79860 97042 40172 6776 33154 4598 68728 81554 18876 23958 225 44 62 268 377 353 114 343 105 242 330 401 166 28 137 19 284 337 78 99 86908 117975 48445 25424 72040 98877 129781 130699 42049 62585 40610 78203 13166 98744 8328 78192 44589 3802 65689 92392 35840 56588 12158 187053 30153 128099 101880 181786 50380 75552 14489 91872 167033 86596 131911 71126 187090 7763 144093 106619 105619 110881 155121 40570 53407 116132 143413 149615 99406 10483 45143 196891 184327 155425 146374 35973 160655 80355 146538 199499 31673 170019 106396 123389 76240 164448 27548 193960 51705 158100 84739 42969 131509 49809 145333 194332 154857 165188 187622 160906
3
65537 65537 131073
200
146203 134736 25877 29508 177819 17830 37448 36214 124494 147699 61283 22508 133715 151292 669 169990 99133 127174 93175 22776 196102 51250 143962 34314 4863 40311 42317 18416 186987 131264 51072 132985 26124 47353 93446 156766 62249 187273 190607 57169 62912 52917 29760 42221 66385 113064 31328 63682 141811 86160 92462 63871 30419 72554 94648 180390 60530 117503 180704 195896 177216 100929 185955 81450 47904 135029 165799 117564 107049 119112 18670 89838 12920 150165 136583 36817 57356 25508 96187 67034 180127 170506 1243 89755 58853 129770 58150 158096 81641 100810 84197 75349 11407 8340 74942 15619 72078 11242 123535 118921 172451 35986 10893 62348 83965 158830 728 135003 158670 96527 126462 2121 29554 17519 173399 17021 123942 148176 70475 69026 39889 183792 32278 6650 174770 46494 52581 57904 11530 118369 13323 80820 194905 163185 87658 39984 4184 128414 120605 1570 16439 76879 178547 89396 38058 76996 118078 121440 37461 107292 27345 42164 36085 71143 43325 100093 194099 39946 169415 95682 113951 132003 123928 4685 199206 113707 180468 135347 31316 60335 80269 80775 83793 192308 87748 13491 101827 84170 145699 190672 185384 30572 27546 90465 61449 150362 73154 11689 33446 87924 120336 74945 126301 37181 192355 81175 167825 109189 92477 96063
200
99615 194445 167910 138765 138330 189660 12615 32190 11908 23244 20072 16588 16536 22672 1508 3848 83585 163155 140890 116435 116070 159140 10585 27010 90913 177459 153242 126643 126246 173092 11513 29378 100302 195786 169068 139722 139284 190968 12702 32412 22442 43806 37828 31262 31164 42728 2842 7252 83127 162261 140118 115797 115434 158268 10527 26862 41220 80460 69480 57420 57240 78480 5220 13320 435 52 365 397 438 98 363 180 229 447 386 319 318 436 29 74 185273 32808 1384 178790 126743 32021 18238 122780 158992 95739 187200 122637 23655 98694 43006 149429 116999 51833 99068 20106 94991 143814 96958 136569 107216 65906 138188 156340 165214 122767 141074 38903 62613 183261 129130 158663 69956 85730 93927 156298 8257 143814 97726 115110 120915 124859 89687 98428 47861 13410 174507 30008 158287 145170 27553 74671 64740 93623 64076 26840 123693 115410 32286 122034 108289 199341 161990 183839 35623 99827 69327 196173 13121 86412 14573 109706 79402 170803 179647 174000 12551 49434 129173 165169 173437 29450 189041 189054 150826 95559 72625 39653 130262 179841 9267 166983 83345 127959 119258 41271 19790 83311 19948 27826 8546 47966 62539 159716 148393 135543 50622 8537 178809 57429 112034 2310 77722 91919 118718 140579
200
0 1 0 1 1 0 1 1 1 1 0 1 0 1 1 0 0 1 1 1 1 0 1 0 0 0 1 0 0 1 0 0 0 0 0 0 1 0 0 0 0 0 0 1 0 0 0 0 1 0 0 0 0 1 0 0 0 0 0 1 0 0 1 0 1 0 1 1 1 0 0 0 1 0 0 1 0 0 1 0 0 1 1 1 0 0 0 0 1 1 0 1 1 1 1 0 1 1 1 0 1 0 1 1 0 0 0 1 0 0 1 1 1 0 1 0 0 0 0 0 1 1 1 1 1 0 1 1 0 1 1 1 0 0 1 0 0 1 0 0 1 0 1 1 1 1 1 0 0 1 1 0 1 0 1 1 1 0 0 0 1 1 1 1 0 0 1 0 1 1 1 0 0 0 0 0 1 0 0 0 1 0 0 0 1 1 0 0 0 0 1 1 0 0 1 0 1 1 0 0
200
0 0 0 0 1 1 0 0 0 1 0 1 0 1 1 1 1 0 0 1 1 0 0 0 0 1 0 0 0 0 0 0 0 1 0 1 0 1 1 0 1 0 0 0 1 0 1 1 0 0 0 1 1 0 0 1 1 1 1 0 1 0 1 1 0 1 0 1 0 1 1 1 1 0 1 0 0 1 0 1 0 1 0 1 1 1 0 1 1 1 1 0 1 0 0 0 0 1 1 1 0 1 1 0 0 1 1 0 0 1 0 0 1 1 1 1 1 0 0 1 1 1 1 1 0 1 1 1 0 0 1 1 1 0 0 1 0 1 1 0 0 0 0 1 1 1 1 0 1 0 0 0 1 0 1 1 1 0 0 1 0 1 0 1 1 1 1 0 1 1 0 0 0 1 0 1 1 0 1 0 1 1 1 1 1 1 1 0 0 0 1 0 1 1 0 0 0 0 1 1
200
146462 119558 60340 181335 149504 144651 193094 175070 38346 22394 27011 70453 71107 180072 189749 74551 115378 177332 140891 80524 33869 82612 267 173250 190046 164194 7430 27896 79526 193844 166793 26063 43903 117862 148403 47928 178242 109485 195867 131775 88387 157964 20506 81079 115382 177737 163900 188955 31421 191072 5508 32953 169168 2245 11852 52112 150378 118095 130338 183209 40081 167227 193670 66713 45179 137029 58262 138881 191623 29202 77605 72104 11319 60110 184657 52416 126884 88807 136204 101738 123447 141341 128966 10793 171428 49802 174823 40724 179648 140463 109999 5566 32709 135950 127066 17831 13295 104834 35588 139240 172738 67845 25454 143165 72384 179568 147723 55150 89152 134787 110527 51568 100364 93980 15330 52617 139021 91633 164552 74245 118528 113437 76673 52084 47257 172796 5105 196689 199937 110403 110246 142222 85233 66548 186618 133517 68642 31502 83576 52597 138321 32847 167745 114250 29484 129918 38620 191136 9860 113373 57570 103245 53291 162595 168293 132435 2174 63371 104851 144476 75667 164094 163683 8063 18729 190341 158877 160294 130463 87829 94386 18819 67731 126896 125974 179491 194298 54571 60883 24814 187920 49190 12643 144291 141945 175185 49012 97866 8850 181113 126382 13927 183862 173176 88707 127451 23108 59584 66746 192458
200
19350 50108 28078 150479 189232 117835 107331 97915 144302 106140 62610 40652 80338 116416 89991 11476 141332 190346 164499 126768 83172 150989 24763 67789 149655 40809 48139 138659 73499 74102 130893 178959 7570 1429 115338 20265 154324 144998 122393 91492 6937 21459 1960 51646 159953 86039 90893 178829 110548 43795 99856 175506 95941 97588 42279 173926 151513 13275 147157 165220 36790 55756 107885 9759 28227 145214 124760 80990 96877 157647 42945 180051 136864 87289 154036 137358 119067 188689 73964 45995 44131 23911 83757 61926 71722 15379 37545 25364 149038 81712 179416 81570 26021 195377 51114 78219 102497 30103 135652 165112 16656 95406 138055 124857 55800 76795 94910 134822 31952 8807 195277 195 57512 185885 37417 29234 68163 172395 162722 140165 196928 83683 461 180103 146559 102274 59694 36404 124711 17788 186208 124129 26061 59059 91088 175182 199729 92026 66328 128058 164415 24619 183626 112591 110622 163717 167808 102165 196624 192183 106299 87366 30212 128877 23341 108020 90677 14503 150286 94631 109019 179919 126997 10359 96632 189682 29448 162450 59592 118153 9619 22036 194069 157152 30331 3373 121569 25004 77404 142227 126631 58776 111183 162373 171703 77900 119199 107308 172157 105090 142005 190706 31021 181679 73775 62399 163739 157405 131495 125815
200
0 0 0 0 0 0 0 0 0 0 0 0 0 0 0 0 0 0 0 0 0 0 0 0 0 0 0 0 0 0 0 0 0 0 0 0 0 0 0 0 0 0 0 0 0 0 0 0 0 0 0 0 0 0 0 0 0 0 0 0 0 0 0 0 0 0 0 0 0 0 0 0 0 0 0 0 0 0 0 0 0 0 0 0 0 0 0 0 0 0 0 0 0 0 0 0 0 0 0 0 0 0 0 0 0 0 0 0 0 0 0 0 0 0 0 0 0 0 0 0 0 0 0 0 0 0 0 0 0 0 0 0 0 0 0 0 0 0 0 0 0 0 0 0 0 0 0 0 0 0 0 0 0 0 0 0 0 0 0 0 0 0 0 0 0 0 0 0 0 0 0 0 0 0 0 0 0 0 0 0 0 0 0 0 0 0 0 0 0 0 0 0 0 0 0 0 0 0 0 0
200
190797 184259 118549 8003 791 57529 112294 135793 63799 177013 149409 186461 187183 169344 76096 135787 171952 55858 2889 1423 18108 12937 21069 188800 189667 122792 85627 30587 126003 162619 61125 19751 116660 139058 81012 155780 85433 15761 254 139377 103665 147454 94264 99823 144660 62 51961 199761 93651 2835 61070 124171 70514 146333 143409 16153 2979 148630 115526 55255 199451 30673 143201 14230 176562 84020 126779 169525 61916 81197 197936 103292 148074 58472 8176 147512 190431 104095 16802 161289 96831 139140 167494 135070 83237 178681 89689 163715 43403 2913 177342 96906 175303 191004 5294 189108 53615 115241 132089 99055 98055 68554 93366 19615 90072 113796 131850 8679 10845 67481 58413 72422 126602 5862 21987 117175 67110 41893 24685 157414 8512 122904 81109 100589 64837 197928 65346 40208 136680 36917 38500 31523 161641 103111 199359 165258 54486 72125 58200 9270 159724 92780 29304 63397 113339 179845 5911 117280 88285 3251 58842 25591 139737 116318 70315 165064 91090 165139 141707 13097 49566 130699 181040 100011 402 27667 137828 83714 90685 72256 96329 40426 126144 183821 35598 132332 92328 97132 28541 166315 186869 18828 103026 163688 11875 173622 140464 153580 178631 61576 12261 60292 36191 32786 113963 138360 144031 190367 142379 36146
200
160538 6324 193250 58109 51710 126494 191823 168528 4275 19841 62334 58156 163976 190630 178338 126474 116563 189514 27402 49146 66266 184322 138088 112036 75598 155952 75610 175336 143753 68803 135864 198288 55819 199045 73170 126537 29582 193703 46586 89003 88337 160120 178540 65208 124735 35475 8149 175230 64163 118458 45594 170605 85249 100610 164546 33738 145041 25802 47921 33924 159013 77319 194011 5456 136034 1230 151091 123382 26337 147135 38151 34304 46806 158643 55772 16954 69649 60795 143461 158619 145614 171898 150927 49491 81401 168949 25355 5120 146968 78189 16359 51151 90462 123280 117018 132225 178009 174695 32167 153546 88922 177374 120291 75677 59663 122776 188682 79027 47329 179739 3175 176721 176906 96445 88433 16325 170963 196511 92238 91982 29289 123317 165360 41497 36857 141119 175152 104353 108200 189765 74187 236 163364 98600 114117 101387 168894 46768 180886 39125 79466 26101 196322 51726 56022 87243 7980 149549 51157 196031 195979 165309 145267 198250 180449 197910 190545 177092 121675 73565 78056 63123 175947 41493 163385 88566 46849 159689 68860 72856 187150 132027 166488 146540 12594 44045 118986 67659 91943 87395 147317 87058 44315 61747 81667 174495 8724 179496 56448 40404 165539 34942 54266 19412 161999 11783 186155 135758 42087 120552
200
73160 63761 51978 154891 99411 15219 90653 128126 164923 110240 92669 21132 76037 91367 146199 167691 193785 110054 184645 16083 178016 189956 129076 92005 109822 77237 30993 129663 33586 77703 32387 63384 138247 173073 183882 195075 81165 55334 87110 198678 51996 66236 129429 37439 48806 29238 172066 73562 45561 94178 78656 34287 59838 157569 48629 188791 129804 14716 154295 12360 12260 148821 60026 28952 190801 134658 88613 134377 38683 98817 65403 140924 49986 99759 153061 30753 124244 177892 100059 18286 43301 102021 101300 142158 109569 132512 176608 183287 53970 147923 15913 128745 190773 110093 10577 52974 95066 128638 13861 48666 82964 141760 78296 38997 61169 61287 66385 19548 120142 84405 46943 186276 188049 87455 58213 58079 48543 85380 13605 136434 33450 154293 158771 147293 126835 178850 6391 175105 133446 130615 134492 177886 130887 123904 76793 103094 45938 177420 22307 7648 13591 123000 93767 46534 39900 86112 33167 79587 20505 90802 8568 19570 93421 103942 91628 108890 79024 152774 167082 163645 61341 193839 186269 8057 120561 143208 41418 117979 198372 183655 81651 101748 40310 85467 138020 163233 134187 131377 129921 155124 37152 156399 58458 129231 176430 43398 3915 136753 62152 41249 96476 134924 193079 69221 29756 47143 21750 133547 63012 176451
200
132595 96274 53043 14338 37596 31135 66342 195964 76150 92654 195359 116414 66231 189352 48818 126923 36763 106961 70200 22146 71062 89905 115439 28271 120140 4124 85740 175005 23877 169753 180749 1508 144764 48569 43338 50075 39777 60583 93346 179432 196979 144053 42816 115633 5445 41066 154772 173683 31988 158794 101888 42894 110683 59170 6624 37552 104695 78132 150644 30635 4742 30541 102072 65675 41860 135815 169998 178185 83421 3384 116036 45132 177069 128367 71281 43457 85824 134771 166706 91946 47787 177868 123436 151391 187932 193236 102754 37572 105064 154079 173617 180068 122755 177453 37373 121789 103205 65405 131146 50997 152130 442 10112 68930 50331 69207 137676 175440 54633 76531 160759 80721 156657 163863 15850 132003 48837 197902 21850 154636 20196 140868 82122 123779 134955 95781 13589 6470 92980 12432 64882 188068 164452 160326 76115 51911 106370 32167 23157 191530 73145 142589 190471 84765 159851 117347 155995 171504 197420 112783 120452 182899 73403 117031 148593 72549 96897 48863 180298 171453 163114 58863 53099 141379 158620 54720 54438 177000 162705 25285 127176 122032 117159 94688 169201 131730 192884 112858 157236 197679 107211 174587 198967 1328 169753 102777 194902 58023 43754 77987 174152 122627 135196 67963 194188 178582 83473 159666 196821 70856
200
1 1 1 1 1 1 1 1 1 1 1 1 1 1 1 1 1 1 1 1 1 1 1 1 1 1 1 1 1 1 1 1 1 1 1 1 1 1 1 1 1 1 1 1 1 1 1 1 1 1 1 1 1 1 1 1 1 1 1 1 1 1 1 1 1 1 1 1 1 1 1 1 1 1 1 1 1 1 1 1 1 1 1 1 1 1 1 1 1 1 1 1 1 1 1 1 1 1 1 1 1 1 1 1 1 1 1 1 1 1 1 1 1 1 1 1 1 1 1 1 1 1 1 1 1 1 1 1 1 1 1 1 1 1 1 1 1 1 1 1 1 1 1 1 1 1 1 1 1 1 1 1 1 1 1 1 1 1 1 1 1 1 1 1 1 1 1 1 1 1 1 1 1 1 1 1 1 1 1 1 1 1 1 1 1 1 1 1 1 1 1 1 1 1 1 1 1 1 1 1
200
20196 24497 52360 16082 77979 23936 56287 1188 1441 3080 946 4587 1408 3311 46872 56854 121520 37324 180978 55552 130634 21060 25545 54600 16770 81315 24960 58695 46872 56854 121520 37324 180978 55552 130634 4644 5633 12040 3698 17931 5504 12943 44820 54365 116200 35690 173055 53120 124915 187 11 434 195 434 43 415 108 131 280 86 417 128 301 72693 70085 193071 168184 69710 85220 14337 34353 126508 27466 168258 28424 187068 7363 136681 150998 37817 65890 130393 11847 271 151178 74785 131760 128481 148222 89507 16415 43318 22894 120939 52703 72199 67729 40168 162814 63511 174071 18782 5021 169019 54532 180075 130301 141999 47551 104457 31829 182390 30247 159368 174080 157001 91334 181078 193599 45056 150525 178587 142765 3208 146555 20865 73700 66868 24160 20561 13406 3804 130421 135786 175278 177979 154858 35596 79873 197110 169751 40285 32015 139996 94339 181987 13372 103610 65637 127572 50552 51602 174368 143883 106623 67471 168810 134781 141757 17883 7766 129858 133636 118655 116641 46879 88973 121442 172662 152932 125472 49584 14054 140534 154173 11828 67591 6652 134461 135019 44683 36149 191108 35533 153358 164739 20692 5053 96638 17924 96913 184046 178656 88116 48569 6870 133513 136181 144873 64164
200
131073 65537 131073 65537 65537 131073 65537 131073 131073 131073 131073 65537 131073 65537 131073 131073 65537 65537 65537 131073 65537 65537 65537 65537 131073 65537 131073 131073 131073 131073 131073 131073 65537 65537 131073 131073 131073 131073 131073 131073 65537 65537 65537 65537 65537 131073 65537 65537 131073 131073 131073 65537 131073 65537 131073 65537 65537 131073 131073 131073 65537 131073 65537 65537 131073 65537 131073 65537 131073 131073 131073 131073 65537 65537 65537 65537 131073 65537 131073 65537 65537 65537 65537 65537 131073 131073 65537 65537 65537 65537 131073 131073 65537 65537 131073 131073 131073 65537 131073 65537 131073 65537 131073 131073 65537 131073 65537 65537 65537 65537 131073 131073 131073 131073 131073 131073 131073 131073 65537 131073 65537 65537 65537 65537 131073 131073 65537 131073 131073 65537 65537 65537 131073 65537 65537 65537 65537 131073 131073 131073 131073 65537 65537 131073 131073 131073 131073 65537 65537 65537 131073 131073 65537 65537 131073 65537 65537 65537 131073 65537 65537 65537 65537 65537 65537 65537 131073 131073 131073 65537 65537 65537 65537 131073 65537 65537 65537 65537 65537 131073 131073 131073 65537 65537 131073 65537 65537 65537 131073 131073 65537 65537 131073 65537 131073 131073 131073 131073 131073 65537
200
4902 7695 24339 23598 16188 3534 17442 30100 47250 149450 144900 99400 21700 107100 6794 10665 33733 32706 22436 4898 24174 14362 22545 71309 69138 47428 10354 51102 17974 28215 89243 86526 59356 12958 63954 29498 46305 146461 142002 97412 21266 104958 7912 12420 39284 38088 26128 5704 28152 57 350 79 167 209 343 92 86 135 427 414 284 62 306 69723 118282 195121 36943 37884 199125 20474 118984 23691 140382 52415 91882 92376 134919 54975 97518 97767 60449 133302 119518 96308 195178 79448 46733 33670 177955 195233 110355 105710 102358 118175 169903 183395 95063 199467 129906 54151 27295 153141 113909 9681 98639 145804 78948 187416 158807 52193 75601 57863 41714 181021 187619 193888 160665 51617 73977 195181 108733 19632 151240 141358 6426 23563 41559 18284 100232 23596 130002 177810 1100 157363 98355 9695 44531 127589 72570 159865 190108 89355 11029 13088 42088 32336 43567 146895 113566 10127 18100 64434 103601 42393 18054 65456 106739 65679 190235 99513 196635 54647 71287 20943 185967 170282 99184 148074 176884 186342 186021 18139 121574 107887 165951 64540 72300 126226 181121 167611 179417 195230 19409 40060 125294 81108 43932 24566 90744 35574 118574 6456 198653 9587 38784 99874 30951 191283 78683 85800
200
200000 200000 200000 200000 200000 200000 200000 200000 200000 200000 200000 200000 200000 200000 200000 200000 200000 200000 200000 200000 200000 200000 200000 200000 200000 200000 200000 200000 200000 200000 200000 200000 200000 200000 200000 200000 200000 200000 200000 200000 200000 200000 200000 200000 200000 200000 200000 200000 200000 200000 200000 200000 200000 200000 200000 200000 200000 200000 200000 200000 200000 200000 200000 200000 200000 200000 200000 200000 200000 200000 200000 200000 200000 200000 200000 200000 200000 200000 200000 200000 200000 200000 200000 200000 200000 200000 200000 200000 200000 200000 200000 200000 200000 200000 200000 200000 200000 200000 200000 200000 200000 200000 200000 200000 200000 200000 200000 200000 200000 200000 200000 200000 200000 200000 200000 200000 200000 200000 200000 200000 200000 200000 200000 200000 200000 200000 200000 200000 200000 200000 200000 200000 200000 200000 200000 200000 200000 200000 200000 200000 200000 200000 200000 200000 200000 200000 200000 200000 200000 200000 200000 200000 200000 200000 200000 200000 200000 200000 200000 200000 200000 200000 200000 200000 200000 200000 200000 200000 200000 200000 200000 200000 200000 200000 200000 200000 200000 200000 200000 200000 200000 200000 200000 200000 200000 200000 200000 200000 200000 200000 200000 200000 200000 200000 200000 200000 200000 200000 200000 200000
200
21460 18908 12934 21518 25578 6844 8816 928 8526 11020 10614 19240 16952 11596 19292 22932 6136 7904 832 7644 9880 9516 42550 37490 25645 42665 50715 13570 17480 1840 16905 21850 21045 66600 58680 40140 66780 79380 21240 27360 2880 26460 34200 32940 2960 2608 1784 2968 3528 944 1216 128 1176 1520 1464 60680 53464 36572 60844 72324 19352 24928 2624 24108 31160 30012 129870 114426 78273 130221 154791 41418 53352 5616 51597 66690 64233 21830 19234 13157 21889 26019 6962 8968 944 8673 11210 10797 57350 50530 34565 57505 68355 18290 23560 2480 22785 29450 28365 118400 104320 71360 118720 141120 37760 48640 5120 47040 60800 58560 56980 50204 34342 57134 67914 18172 23408 2464 22638 29260 28182 58 52 115 180 8 164 351 59 155 320 154 370 326 223 371 441 118 152 16 147 190 183 33711 176328 174618 194982 144195 155943 147009 12201 23809 147748 13188 129154 21717 35486 36425 110909 129384 32018 157130 91580 60221 42413 64353 15643 25133 153250 101302 61475 5529 81802 163088 123682 128096 53281 48506 171245 43826 181912 35734 73752 169071 39491 145151 130644 108200 100736 41117 54816 99968 191616 135660 9801 99387 178327 14551 88942 131937
200
45192 45192 9744 65352 31752 10080 38472 22008 20832 64022 64022 13804 92582 44982 14280 54502 31178 29512 65098 65098 14036 94138 45738 14520 55418 31702 30008 110021 110021 23722 159101 77301 24540 93661 53579 50716 73437 73437 15834 106197 51597 16380 62517 35763 33852 44654 44654 9628 64574 31374 9960 38014 21746 20584 57297 57297 12354 82857 40257 12780 48777 27903 26412 4573 4573 986 6613 3213 1020 3893 2227 2108 27438 27438 5916 39678 19278 6120 23358 13362 12648 168 238 242 409 273 166 213 17 102 269 269 58 389 189 60 229 131 124 14498 132457 193054 189697 187641 92833 32767 135066 91066 131271 164205 121203 42636 44893 175997 94401 162142 73775 129092 191503 179459 139713 129374 145144 81115 33398 193154 188993 162696 38471 173871 22450 86814 138369 84341 123892 104632 157232 28060 192184 149793 97031 66924 105820 47122 94920 63111 148488 24545 198760 160667 170824 62826 36163 38499 177010 32688 97034 143615 84564 57406 97384 141608 31636 152797 184560 63700 162144 122221 172862 127560 173485 159780 115164 128614 187913 40868 20807 108699 132681 160911 65107 145323 140889 89446 196140 38135 132845 41149 22370 27322 163780 175549 196199 130035 37057 119307 193998 65416 669 132496
200
3626 195856 21103 87668 129258 144644 126070 90818 162903 162941 96140 92183 49150 92724 69723 587 68522 104124 113055 56055 28523 107857 41956 59720 32939 14208 70392 175465 38785 194637 104937 25798 141523 182880 62985 13028 99280 130386 167151 145018 159542 13876 38460 102107 140306 199046 198633 69126 157409 137866 137092 141988 99208 78024 48395 180445 55343 193731 17441 17264 137541 167161 30259 131672 98181 128354 109263 106867 39648 166334 65762 159842 18404 152056 116450 82971 171976 14564 171404 88163 20185 95014 66817 135417 161117 177084 125264 21066 131293 137070 112713 18833 161716 173504 171973 121960 66462 90436 45237 95914 146226 63570 78916 70519 78576 19575 126252 159710 90558 199650 86644 123158 121704 79750 14264 104293 21013 32988 155308 132096 69629 134853 14416 87008 95183 71780 94338 197863 92828 193857 73940 68161 125145 124265 4963 89687 86510 63955 105611 16609 64160 117753 29942 25186 127009 199704 51173 167776 124614 144651 71710 29600 7355 72591 35663 128112 168287 176669 141085 166706 119408 96209 71450 118574 53819 197017 53496 24450 90219 194780 196538 7538 111508 97175 50761 132199 116651 128675 26312 31379 150893 170814 83578 37783 61943 146576 108911 108413 145243 34996 39430 158102 11266 87999 65888 123248 92511 115660 31296 142391
200
0 0 0 0 0 0 0 0 0 0 0 0 0 0 0 0 0 0 0 0 0 0 0 0 0 0 0 0 0 0 0 0 0 0 0 0 0 0 0 0 0 0 0 0 0 0 0 0 0 0 0 0 0 0 0 0 0 0 0 0 0 0 0 0 0 0 0 0 0 0 0 0 0 0 0 0 0 0 0 0 0 0 0 0 0 0 0 0 0 0 0 0 0 0 0 0 0 0 0 0 48380 38947 60025 46917 60219 123500 82382 6840 188342 14244 96766 41972 25026 44175 23811 78601 177728 58760 171003 11955 12035 24288 180441 76364 199207 86492 52943 150374 127842 97652 57613 45559 18151 26263 79592 144479 35367 126510 1099 44437 179397 76190 23646 120837 178730 153064 87986 32279 170599 175303 53623 42796 13217 102751 31700 159640 138872 65323 86156 133101 134889 139610 145399 134807 143689 111700 54106 133829 18789 82797 166255 68787 46207 10110 69458 127447 15699 102307 10240 44414 194998 162108 128615 125507 173064 138 91373 149249 193422 147346 176929 513 39527 191442 105511 137170 162726 165697 164620 21940
200
57525 93220 14455 73455 118885 93810 20355 102955 35990 36660 59408 9212 46812 75764 59784 12972 65612 22936 62790 101752 15778 80178 129766 102396 22218 112378 39284 7995 12956 2009 10209 16523 13038 2829 14309 5002 21060 34128 5292 26892 43524 34344 7452 37692 13176 15795 25596 3969 20169 32643 25758 5589 28269 9882 19500 31600 4900 24900 40300 31800 6900 34900 12200 59085 95748 14847 75447 122109 96354 20907 105747 36966 58110 94168 14602 74202 120094 94764 20562 104002 36356 295 188 322 41 108 81 100 303 298 195 316 49 249 403 318 69 349 122 38122 119354 8021 31634 8931 44075 162560 139263 61159 101242 134036 175656 121219 127552 118089 95688 16428 89292 68142 188867 93177 169746 58325 137201 88245 90004 146998 157900 177970 156208 188771 27954 88254 86192 66850 50347 33345 32954 180340 173723 148997 146436 111546 3450 90677 139468 54280 63409 14682 104292 1400 32374 118734 128539 164759 153376 179610 55569 19259 41704 48246 75213 116164 116217 96636 74654 156819 191729 88235 25665 56784 166192 175790 135698 119098 56560 182913 143778 185297 133435 107319 199457 29609 90012 18527 194671 132174 142716 34107 189570 89944 191958 159647 142868 129547 46742 23215 129964 150560 36214 169598
200
84530 164715 102305 113760 176565 127190 54905 47400 122845 137460 78110 152205 94535 105120 163155 117530 50735 43800 113515 127020 53928 105084 65268 72576 112644 81144 35028 30240 78372 87696 6420 12510 7770 8640 13410 9660 4170 3600 9330 10440 32100 62550 38850 43200 67050 48300 20850 18000 46650 52200 54356 105918 65786 73152 113538 81788 35306 30480 78994 88392 81962 159711 99197 110304 171201 123326 53237 45960 119113 133284 28462 55461 34447 38304 59451 42826 18487 15960 41363 46284 71048 138444 85988 95616 148404 106904 46148 39840 103252 115536 72974 142197 88319 98208 152427 109802 47399 40920 106051 118668 395 365 252 30 150 254 383 133 332 341 214 417 259 288 447 322 139 120 311 348 30978 139796 83452 41296 107423 9777 2689 197432 158207 168932 128520 161434 108908 105614 149431 196088 43494 75788 98163 124143 83081 43145 66535 60165 147021 145701 173838 88347 11144 122591 179795 1770 135985 20721 36988 139611 108338 189687 24371 103455 72626 66820 89314 96218 41772 11289 23546 26890 23461 135634 163008 192781 67824 64927 33323 43193 160651 103336 179488 79236 182038 156510 45846 149009 44818 116015 177461 147725 16466 116693 107417 198298 35457 4000 103123 11330 115781 164539 54237 78313
200
0 0 0 0 0 0 0 0 0 0 0 0 0 0 0 0 0 0 0 0 0 0 0 0 0 0 0 0 0 0 0 0 0 0 0 0 0 0 0 0 0 0 0 0 0 0 0 0 0 0 0 0 0 0 0 0 0 0 0 0 0 0 0 0 0 0 0 0 0 0 0 0 0 0 0 0 0 0 0 0 0 0 0 0 0 0 0 0 0 0 0 0 0 0 0 0 0 0 0 0 198826 68039 163990 58580 154958 46963 143239 192801 145531 98843 36603 22082 75466 181569 186768 193088 39125 12856 44697 178755 190213 115249 143107 32382 29072 99338 101670 126469 21702 185472 151430 82769 154566 195031 161448 183814 196256 76833 180938 69380 167438 23224 92876 153414 68238 144170 7504 185591 36264 165663 170994 146603 60238 179780 2041 4395 152494 89078 192305 125313 73183 29767 6204 72949 95382 41283 98564 5160 172879 79497 9364 105527 62269 13414 123737 68445 72617 39300 87063 114668 112913 126974 63014 147177 123431 18544 2862 117721 25118 136284 152785 143488 29119 60527 69371 71691 23569 96659 12222 19412
200
197896 75099 71160 92526 52404 97574 28082 144123 118382 14154 22497 61518 8676 83138 31853 72804 19763 17210 46052 59590 151587 52679 120486 57185 176333 76387 103040 194673 97042 134255 130780 69785 175184 149083 21841 30967 157196 150164 114749 128778 90027 197068 50855 20228 101793 130429 124225 25823 27623 193604 76163 42328 141715 66702 128967 12404 126065 25009 97005 36278 159353 91230 56653 118857 29034 40143 97814 136352 73859 120271 25084 126120 141317 51064 82546 185107 169350 18029 73560 83313 19612 152393 7898 188885 112352 133058 17069 76026 105224 19524 167756 89588 172410 120897 151233 183243 120932 56433 87596 46435 159167 183236 158906 132533 85045 35567 183282 25572 156829 47531 68805 49714 112544 50331 65943 5516 59831 174211 6136 171968 67986 160727 199395 11600 73776 62064 118863 107121 38227 169387 31112 150375 123115 73431 134059 8519 26025 162731 30343 138203 116032 8809 118000 173041 65654 74200 148145 57100 48923 2499 122960 40822 102766 154338 44964 68767 115662 115740 101871 182078 31184 82663 134286 131660 154153 94433 136705 160299 190701 198273 123524 45871 78857 180446 176491 61941 105405 42612 45663 137328 183061 172513 54230 111199 194076 107022 127584 98554 113845 113979 135019 122172 45475 131674 141520 84602 113211 26038 15786 158946
